$ANSIBLE_VAULT;1.1;AES256
36316466663239623638373835633664346234633764393965383631383366333238616431613563
3138333261303230636438666335313439633862313863330a363963323364316634623934633864
62306464356463346630626538383333373732396533316133653763326334623439646137396233
3931333634343961630a366538376265646336323435623434633862386362383736623436616533
33643764353434356161333561303438613834316536336633373234663061353762613362633430
63323636343035363630333665343861626166353463373636396135373336376232313237613735
31643430646537323161326337313964323966323165356164383362353462373263363965343439
65666564386333653438306332316234333461386131313439346562323833336261633635616336
30663932333466356631643333373266306439336365356231316262346162626632646530626530
34373135336637626137653631353834323264323334326336386564356339303639663238346631
613166306466633537323761356630646165
